1111100000 1000100000 1000100000 1000100000 1111100000 0000000000 0000000000 0000000000 0000000000 0000000000
1000100000 0000000000 0000000000 0000000000 1000100000 0000000000 0000000000 0000000000 0000000000 0000000000
1000100000 0000000000 0000000000 0000000000 1000100000 0000000000 0000000000 0000000000 0000000000 0000000000
1000100000 0000000000 0000000000 0000000000 1000100000 0000000000 0000000000 0000000000 0000000000 0000000000
1111100000 1000100000 1000100000 1000100000 1111100000 0000000000 0000000000 0000000000 0000000000 0000000000
0000000000 0000000000 0000000000 0000000000 0000000000 0000000000 0000000000 0000000000 0000000000 0000000000
0000000000 0000000000 0000000000 0000000000 0000000000 0000000000 0000000000 0000000000 0000000000 0000000000
0000000000 0000000000 0000000000 0000000000 0000000000 0000000000 0000000000 0000000000 0000000000 0000000000
0000000000 0000000000 0000000000 0000000000 0000000000 0000000000 0000000000 0000000000 0000000000 0000000000
0000000000 0000000000 0000000000 0000000000 0000000000 0000000000 0000000000 0000000000 0000000000 0000000000
